6
Matriz Nodos
0 1 0 1 0 0
0 0 1 1 0 0
0 0 0 0 1 0
0 0 1 0 1 0
0 0 0 0 0 1
0 0 0 0 0 0
Matriz de Delay  !!!segundos cite 461
0 1 0 2 0 0
0 0 2 3 0 0
0 0 0 0 1 0
0 0 2 0 4 0
0 0 0 0 0 2
0 0 0 0 0 0
Matriz de Distancia
0 80 0 60 0 0
0 0 75 70 0 0
0 0 0 0 100 0
0 0 55 0 120 0
0 0 0 0 0 97
0 0 0 0 0 0
Matriz de Ancho de Banda  !!!Mbit cite 461
0 8000 0 7500 0 0
0 0 7000 8000 0 0
0 0 0 0 9500 0
0 0 8750 0 7100 0
0 0 0 0 0 8250
0 0 0 0 0 0
Matriz de costo por unidad de Mbit !!!$/Mb cite 461
0 0.000752 0 0.00081 0 0
0 0 0.000651 0.00071 0 0
0 0 0 0 0.00061 0
0 0 0.000541 0 0.000431 0
0 0 0 0 0 0.000822
0 0 0 0 0 0
