#[Servidor(Id)] [Costo Licencia(Dolar) sin cita] [Costo Deployar(Dolar) Aprox 100] [Cantidad Cores - cite 469] [Cantidad RAM(GB) cite 426] [Cantidad Almacenaiento(GB) Aprox 1TB][Costo x Cores(Dolar)Aprox 0.06] [Costo x GB RAM(Dolar) Aprox 0.03] [Costo x GB Almacenamiento(Dolar)Aprox 0.01] [Cantidad IDLE Energia(Watts) cite 187] [Cantidad Maxima Energia(Watts) cite 187]
server1 85 2 65 122 1500 0.06 0.03 0.01 80 2735
server2 70 3 55 120 1096 0.07 0.04 0.02 100 3000
server3 80 2 60 128 1024 0.08 0.035 0.02 85 3500
server4 90 1 60 120 1300 0.075 0.048 0.01 94 2735
server5 95 3 67 110 1400 0.06 0.03 0.015 78 2000
server6 75 2 62 125 1500 0.06 0.03 0.01 80 2735
server7 83 3 62 124 1096 0.07 0.04 0.02 100 3000
server8 50 2 68 115 1024 0.08 0.035 0.02 85 3500
server9 95 1 62 128 1300 0.075 0.048 0.01 94 2735
server10 95 3 64 105 1400 0.06 0.03 0.015 78 2000
server11 70 1 60 116 1300 0.075 0.048 0.01 94 2735
server12 60 3 64 120 1400 0.06 0.03 0.015 78 2000
server13 50 1 60 110 1300 0.075 0.048 0.01 94 2735
server14 80 3 64 115 1400 0.06 0.03 0.015 78 2000
server15 85 2 65 122 1500 0.06 0.03 0.01 80 2735
server16 75 3 55 120 1096 0.07 0.04 0.02 100 3000
server17 60 2 60 128 1024 0.08 0.035 0.02 85 3500
server18 90 1 60 120 1300 0.075 0.048 0.01 94 2735
server19 95 3 67 110 1400 0.06 0.03 0.015 78 2000
server20 75 2 62 125 1500 0.06 0.03 0.01 80 2735
server21 90 3 62 124 1096 0.07 0.04 0.02 100 3000
server22 65 2 68 115 1024 0.08 0.035 0.02 85 3500
server23 95 1 62 128 1300 0.075 0.048 0.01 94 2735
server24 95 3 64 105 1400 0.06 0.03 0.015 78 2000
server25 55 1 60 116 1300 0.075 0.048 0.01 94 2735
server26 45 3 64 120 1400 0.06 0.03 0.015 78 2000
server27 68 1 60 110 1300 0.075 0.048 0.01 94 2735
server28 75 3 64 115 1400 0.06 0.03 0.015 78 2000
server29 85 2 65 122 1500 0.06 0.03 0.01 80 2735
server30 58 3 55 120 1096 0.07 0.04 0.02 100 3000
server31 78 2 60 128 1024 0.08 0.035 0.02 85 3500
server32 90 1 60 120 1300 0.075 0.048 0.01 94 2735
server33 95 3 67 110 1400 0.06 0.03 0.015 78 2000
server34 75 2 62 125 1500 0.06 0.03 0.01 80 2735
server35 50 3 62 124 1096 0.07 0.04 0.02 100 3000
